title: New-York – 2014
cover: 0060.jpg

latitude: 40.6974034
longitude: -74.1197633
