title: Oléron – 2014
cover: 0017.jpg

latitude: 45.9236976
longitude: -1.4404717
