title: Norvège – 2017
cover: 0002.jpg

latitude: 64.286782
longitude: 8.7821307
