title: Barcelone – 2018
description: blablabla
cover: 0001.jpg

latitude: 41.3947688
longitude: 2.0787284
