title: Danemark – 2015
cover: 0014.jpg

latitude: 56.2098058
longitude: 9.3006526
