title: Munich – 2015
cover: 0001.jpg

latitude: 48.1548895
longitude: 11.4717965
