title: Irlande – 06/2016
cover: 0032.jpg

latitude: 53.3623919
longitude: -10.4597692
